    2006       2       1       2       2
    2006       2       2       4       2
    2006       2       3       4       2
    2006       2       4       1       2
    2006       2       5       4       2
    2006       2       6       4       2
    2006       2       7       5       2
    2006       2       8       5       2
    2006       2       9       4       2
    2006       2      10       5       2
    2006       2      11       5       2
    2006       2      12       5       2
    2006       2      13       5       2
    2006       2      14       5       2
    2006       2      15       5       2
    2006       2      16       5       2
    2006       2      17       5       2
    2006       2      18       5       1
    2006       2      19       5       2
    2006       2      20       5       2
    2006       2      21       5       2
    2006       2      22       5       2
    2006       2      23       5       2
    2006       2      24       5       2
    2006       2      25       5       2
    2006       2      26       5       2
    2006       2      27       5       2
    2006       2      28       5       2
    2006       3       1       5       2
    2006       3       2       5       2
    2006       3       3       5       2
    2006       3       4       5       2
    2006       3       5       2       2
    2006       3       6       2       0
    2006       3       7       2       2
    2006       3       8       2       2
    2006       3       9       2       1
    2006       3      10       2       0
    2006       3      11       2       2
    2006       3      12       5       2
    2006       3      13       2       2
    2006       3      14       2       0
    2006       3      15       2       0
    2006       3      16       2       1
    2006       3      17       2       1
    2006       3      18       2       1
    2006       3      19       5       1
    2006       3      20       2       1
    2006       3      21       4       1
    2006       3      22       2       1
    2006       3      23       2       1
    2006       3      24       2       2
    2006       3      25       2       2
    2006       3      26       2       2
    2006       3      27       2       2
    2006       3      28       5       2
    2006       3      29       5       2
    2006       3      30       5       2
    2006       3      31       5       1
    2006       4       1       5       2
    2006       4       2       5       2
    2006       4       3       5       2
    2006       4       4       5       0
    2006       4       5       4       2
    2006       4       6       4       2
    2006       4       7       5       2
    2006       4       8       3       2
    2006       4       9       3       0
    2006       4      10       3       2
    2006       4      11       3       2
    2006       4      12       4       2
    2006       4      13       5       2
    2006       4      14       3       2
